<?xml version="1.0" encoding="UTF-8" standalone="no" ?>
<COLLADA xmlns="http://www.collada.org/2005/11/COLLADASchema" version="1.4.1">
    <asset>
        <contributor>
            <authoring_tool>SketchUp 18.0.16975</authoring_tool>
        </contributor>
        <created>2019-01-26T11:08:07Z</created>
        <modified>2019-01-26T11:08:07Z</modified>
        <unit meter="0.0254" name="inch" />
        <up_axis>Z_UP</up_axis>
    </asset>
    <library_cameras>
        <camera id="ID1" name="skp_camera_Last_Saved_SketchUp_View">
            <optics>
                <technique_common>
                    <perspective>
                        <yfov>35</yfov>
                        <aspect_ratio>0</aspect_ratio>
                        <znear>1</znear>
                        <zfar>1000</zfar>
                    </perspective>
                </technique_common>
            </optics>
        </camera>
    </library_cameras>
    <library_visual_scenes>
        <visual_scene id="ID2">
            <node name="SketchUp">
                <node name="skp_camera_Last_Saved_SketchUp_View">
                    <matrix>-0.9999747 -0.002561586 0.006640718 1.285876 0.007117644 -0.3598832 0.9329702 1998.678 8.673617e-19 0.9329938 0.3598924 935.3511 0 0 0 1</matrix>
                    <instance_camera url="#ID1" />
                </node>
                <node id="ID3" name="group_0">
                    <matrix>1 0 0 -551.1811 0 1 0 -551.1811 0 0 1 0 0 0 0 1</matrix>
                    <instance_geometry url="#ID4">
                        <bind_material>
                            <technique_common>
                                <instance_material symbol="Material2" target="#ID5">
                                    <bind_vertex_input semantic="UVSET0" input_semantic="TEXCOORD" input_set="0" />
                                </instance_material>
                            </technique_common>
                        </bind_material>
                    </instance_geometry>
                </node>
                <node id="ID17" name="group_1">
                    <matrix>1 0 0 -15.74803 0 1 0 -15.74803 0 0 1 417.9279 0 0 0 1</matrix>
                    <instance_geometry url="#ID18">
                        <bind_material>
                            <technique_common>
                                <instance_material symbol="Material2" target="#ID19">
                                    <bind_vertex_input semantic="UVSET0" input_semantic="TEXCOORD" input_set="0" />
                                </instance_material>
                            </technique_common>
                        </bind_material>
                    </instance_geometry>
                </node>
                <node id="ID31" name="group_2">
                    <matrix>1 0 0 -14.25538 0 1 0 -14.25538 0 0 1 423.4397 0 0 0 1</matrix>
                    <instance_geometry url="#ID32">
                        <bind_material>
                            <technique_common>
                                <instance_material symbol="Material2" target="#ID33">
                                    <bind_vertex_input semantic="UVSET0" input_semantic="TEXCOORD" input_set="0" />
                                </instance_material>
                            </technique_common>
                        </bind_material>
                    </instance_geometry>
                </node>
                <node id="ID45" name="group_3">
                    <matrix>1 0 0 -2.842171e-14 0 1 0 -359.1212 0 0 1 0 0 0 0 1</matrix>
                    <node id="ID46" name="group_4">
                        <matrix>1 0 0 0 0 1 0 0 0 0 1 0 0 0 0 1</matrix>
                        <node id="ID47" name="group_5">
                            <matrix>1 0 0 224.4227 0 1 0 230.2384 0 0 1 265.0516 0 0 0 1</matrix>
                            <node id="ID48" name="group_6">
                                <matrix>1 0 0 1.662644 0 1 0 2.195317 0 0 1 1.968504 0 0 0 1</matrix>
                                <instance_geometry url="#ID49">
                                    <bind_material>
                                        <technique_common>
                                            <instance_material symbol="Material2" target="#ID50">
                                                <bind_vertex_input semantic="UVSET0" input_semantic="TEXCOORD" input_set="0" />
                                            </instance_material>
                                        </technique_common>
                                    </bind_material>
                                </instance_geometry>
                            </node>
                            <node id="ID57" name="instance_0">
                                <matrix>0.8535534 -0.3535534 0.3826834 12.73216 -0.3535534 0.1464466 0.9238795 30.73816 -0.3826834 -0.9238795 3.835991e-15 40.79035 0 0 0 1</matrix>
                                <instance_node url="#ID58" />
                            </node>
                            <node id="ID72" name="instance_1">
                                <matrix>0.8535534 -0.3535534 0.3826834 24.44468 -0.3535534 0.1464466 0.9238795 59.01467 -0.3826834 -0.9238795 3.835991e-15 40.79035 0 0 0 1</matrix>
                                <instance_node url="#ID73" />
                            </node>
                            <node id="ID82" name="instance_2">
                                <matrix>1 0 0 0 0 1 0 0 0 0 1 0 0 0 0 1</matrix>
                                <instance_node url="#ID83" />
                            </node>
                            <node id="ID92" name="instance_3">
                                <matrix>1 0 0 6.110668e-12 0 1 0 0 0 0 1 40.09438 0 0 0 1</matrix>
                                <instance_node url="#ID93" />
                            </node>
                            <node id="ID102" name="instance_4">
                                <matrix>0.8535534 -0.3535534 0.3826834 0.2663367 -0.3535534 0.1464466 0.9238795 0.6429936 -0.3826834 -0.9238795 3.835991e-15 40.79035 0 0 0 1</matrix>
                                <instance_node url="#ID103" />
                            </node>
                        </node>
                        <node id="ID112" name="group_7">
                            <matrix>1 0 0 250.6478 0 1 0 293.5514 0 0 1 265.0516 0 0 0 1</matrix>
                            <node id="ID113" name="group_6">
                                <matrix>1 0 0 1.662644 0 1 0 2.195317 0 0 1 1.968504 0 0 0 1</matrix>
                                <instance_geometry url="#ID114">
                                    <bind_material>
                                        <technique_common>
                                            <instance_material symbol="Material2" target="#ID50">
                                                <bind_vertex_input semantic="UVSET0" input_semantic="TEXCOORD" input_set="0" />
                                            </instance_material>
                                        </technique_common>
                                    </bind_material>
                                </instance_geometry>
                            </node>
                            <node id="ID120" name="instance_0">
                                <matrix>0.8535534 -0.3535534 0.3826834 12.73216 -0.3535534 0.1464466 0.9238795 30.73816 -0.3826834 -0.9238795 3.835991e-15 40.79035 0 0 0 1</matrix>
                                <instance_node url="#ID58" />
                            </node>
                            <node id="ID121" name="instance_1">
                                <matrix>0.8535534 -0.3535534 0.3826834 24.44468 -0.3535534 0.1464466 0.9238795 59.01467 -0.3826834 -0.9238795 3.835991e-15 40.79035 0 0 0 1</matrix>
                                <instance_node url="#ID73" />
                            </node>
                            <node id="ID122" name="instance_2">
                                <matrix>1 0 0 0 0 1 0 0 0 0 1 0 0 0 0 1</matrix>
                                <instance_node url="#ID83" />
                            </node>
                            <node id="ID123" name="instance_3">
                                <matrix>1 0 0 6.110668e-12 0 1 0 0 0 0 1 40.09438 0 0 0 1</matrix>
                                <instance_node url="#ID93" />
                            </node>
                            <node id="ID124" name="instance_4">
                                <matrix>0.8535534 -0.3535534 0.3826834 0.2663367 -0.3535534 0.1464466 0.9238795 0.6429936 -0.3826834 -0.9238795 3.835991e-15 40.79035 0 0 0 1</matrix>
                                <instance_node url="#ID103" />
                            </node>
                        </node>
                        <node id="ID125" name="group_8">
                            <matrix>1 0 0 198.1351 0 1 0 166.7745 0 0 1 265.0516 0 0 0 1</matrix>
                            <node id="ID126" name="group_6">
                                <matrix>1 0 0 1.662644 0 1 0 2.195317 0 0 1 1.968504 0 0 0 1</matrix>
                                <instance_geometry url="#ID127">
                                    <bind_material>
                                        <technique_common>
                                            <instance_material symbol="Material2" target="#ID50">
                                                <bind_vertex_input semantic="UVSET0" input_semantic="TEXCOORD" input_set="0" />
                                            </instance_material>
                                        </technique_common>
                                    </bind_material>
                                </instance_geometry>
                            </node>
                            <node id="ID133" name="instance_0">
                                <matrix>0.8535534 -0.3535534 0.3826834 12.73216 -0.3535534 0.1464466 0.9238795 30.73816 -0.3826834 -0.9238795 3.835991e-15 40.79035 0 0 0 1</matrix>
                                <instance_node url="#ID58" />
                            </node>
                            <node id="ID134" name="instance_1">
                                <matrix>0.8535534 -0.3535534 0.3826834 24.44468 -0.3535534 0.1464466 0.9238795 59.01467 -0.3826834 -0.9238795 3.835991e-15 40.79035 0 0 0 1</matrix>
                                <instance_node url="#ID73" />
                            </node>
                            <node id="ID135" name="instance_2">
                                <matrix>1 0 0 0 0 1 0 0 0 0 1 0 0 0 0 1</matrix>
                                <instance_node url="#ID83" />
                            </node>
                            <node id="ID136" name="instance_3">
                                <matrix>1 0 0 6.110668e-12 0 1 0 0 0 0 1 40.09438 0 0 0 1</matrix>
                                <instance_node url="#ID93" />
                            </node>
                            <node id="ID137" name="instance_4">
                                <matrix>0.8535534 -0.3535534 0.3826834 0.2663367 -0.3535534 0.1464466 0.9238795 0.6429936 -0.3826834 -0.9238795 3.835991e-15 40.79035 0 0 0 1</matrix>
                                <instance_node url="#ID103" />
                            </node>
                        </node>
                        <node id="ID138" name="group_9">
                            <matrix>1 0 0 0 0 1 0 335.4991 0 0 1 0 0 0 0 1</matrix>
                            <node id="ID139" name="group_10">
                                <matrix>1 0 0 429.1339 0 1 0 0 0 0 1 0 0 0 0 1</matrix>
                                <node id="ID140" name="group_11">
                                    <matrix>1 0 0 0 0 1 0 0 0 0 1 157.4803 0 0 0 1</matrix>
                                    <instance_geometry url="#ID141">
                                        <bind_material>
                                            <technique_common>
                                                <instance_material symbol="Material2" target="#ID142">
                                                    <bind_vertex_input semantic="UVSET0" input_semantic="TEXCOORD" input_set="0" />
                                                </instance_material>
                                            </technique_common>
                                        </bind_material>
                                    </instance_geometry>
                                </node>
                                <node id="ID154" name="instance_5">
                                    <matrix>1 0 0 3.937008 0 1 0 3.937008 0 0 1 0 0 0 0 1</matrix>
                                    <instance_node url="#ID155" />
                                </node>
                            </node>
                            <node id="ID174" name="group_12">
                                <matrix>1 0 0 440.9449 0 1 0 15.74803 0 0 1 161.4173 0 0 0 1</matrix>
                                <node id="ID175" name="group_13">
                                    <matrix>1 0 0 0 0 1 0 0 0 0 1 0 0 0 0 1</matrix>
                                    <instance_geometry url="#ID176">
                                        <bind_material>
                                            <technique_common>
                                                <instance_material symbol="Material2" target="#ID60">
                                                    <bind_vertex_input semantic="UVSET0" input_semantic="TEXCOORD" input_set="0" />
                                                </instance_material>
                                            </technique_common>
                                        </bind_material>
                                    </instance_geometry>
                                </node>
                                <node id="ID184" name="group_14">
                                    <matrix>1 0 0 0 0 1 0 13.77953 0 0 1 0 0 0 0 1</matrix>
                                    <instance_geometry url="#ID185">
                                        <bind_material>
                                            <technique_common>
                                                <instance_material symbol="Material2" target="#ID60">
                                                    <bind_vertex_input semantic="UVSET0" input_semantic="TEXCOORD" input_set="0" />
                                                </instance_material>
                                            </technique_common>
                                        </bind_material>
                                    </instance_geometry>
                                </node>
                            </node>
                            <node id="ID193" name="group_15">
                                <matrix>1 0 0 0 0 1 0 17.71654 0 0 1 161.4173 0 0 0 1</matrix>
                                <node id="ID194" name="group_16">
                                    <matrix>1 0 0 0 0 1 0 1.181102 0 0 1 142.3534 0 0 0 1</matrix>
                                    <instance_geometry url="#ID195">
                                        <bind_material>
                                            <technique_common>
                                                <instance_material symbol="Material2" target="#ID196">
                                                    <bind_vertex_input semantic="UVSET0" input_semantic="TEXCOORD" input_set="0" />
                                                </instance_material>
                                            </technique_common>
                                        </bind_material>
                                    </instance_geometry>
                                </node>
                                <node id="ID208" name="group_17">
                                    <matrix>-1 0 0 280.7894 0 -0 1 5.905512 0 1 0 97.75842 0 0 0 1</matrix>
                                    <instance_geometry url="#ID209">
                                        <bind_material>
                                            <technique_common>
                                                <instance_material symbol="Material2" target="#ID196">
                                                    <bind_vertex_input semantic="UVSET0" input_semantic="TEXCOORD" input_set="0" />
                                                </instance_material>
                                            </technique_common>
                                        </bind_material>
                                    </instance_geometry>
                                </node>
                                <node id="ID217" name="group_18">
                                    <matrix>1 0 0 0 0 1 0 5.905512 0 0 1 0 0 0 0 1</matrix>
                                    <instance_geometry url="#ID218">
                                        <bind_material>
                                            <technique_common>
                                                <instance_material symbol="Material2" target="#ID196">
                                                    <bind_vertex_input semantic="UVSET0" input_semantic="TEXCOORD" input_set="0" />
                                                </instance_material>
                                            </technique_common>
                                        </bind_material>
                                    </instance_geometry>
                                </node>
                            </node>
                        </node>
                        <node id="ID226" name="group_19">
                            <matrix>1 0 0 8.526513e-14 0 1 0 0 0 0 1 181.1024 0 0 0 1</matrix>
                            <node id="ID227" name="group_20">
                                <matrix>1 0 0 0 0 1 0 148.3355 0 0 1 134.4462 0 0 0 1</matrix>
                                <instance_geometry url="#ID228">
                                    <bind_material>
                                        <technique_common>
                                            <instance_material symbol="Material2" target="#ID229">
                                                <bind_vertex_input semantic="UVSET0" input_semantic="TEXCOORD" input_set="0" />
                                            </instance_material>
                                        </technique_common>
                                    </bind_material>
                                </instance_geometry>
                                <instance_geometry url="#ID241">
                                    <bind_material>
                                        <technique_common>
                                            <instance_material symbol="Material2" target="#ID242">
                                                <bind_vertex_input semantic="UVSET0" input_semantic="TEXCOORD" input_set="0" />
                                            </instance_material>
                                        </technique_common>
                                    </bind_material>
                                </instance_geometry>
                            </node>
                            <node id="ID254" name="group_21">
                                <matrix>1 0 0 198.5481 0 1 0 0 0 0 1 0 0 0 0 1</matrix>
                                <instance_geometry url="#ID255">
                                    <bind_material>
                                        <technique_common>
                                            <instance_material symbol="Material2" target="#ID229">
                                                <bind_vertex_input semantic="UVSET0" input_semantic="TEXCOORD" input_set="0" />
                                            </instance_material>
                                        </technique_common>
                                    </bind_material>
                                </instance_geometry>
                                <instance_geometry url="#ID263">
                                    <bind_material>
                                        <technique_common>
                                            <instance_material symbol="Material2" target="#ID242">
                                                <bind_vertex_input semantic="UVSET0" input_semantic="TEXCOORD" input_set="0" />
                                            </instance_material>
                                        </technique_common>
                                    </bind_material>
                                </instance_geometry>
                            </node>
                        </node>
                        <node id="ID271" name="group_22">
                            <matrix>1 0 0 30.15248 0 1 0 23.34082 0 0 1 171.2658 0 0 0 1</matrix>
                            <node id="ID272" name="instance_6">
                                <matrix>0.9238795 0.3826834 0 272.8161 -0.3826834 0.9238795 0 40.39577 0 -0 1 7.856292 0 0 0 1</matrix>
                                <instance_node url="#ID273" />
                            </node>
                            <node id="ID282" name="instance_7">
                                <matrix>0.9238795 0.3826834 0 220.8866 -0.3826834 0.9238795 0 40.39577 0 -0 1 23.40298 0 0 0 1</matrix>
                                <instance_node url="#ID283" />
                            </node>
                            <node id="ID292" name="instance_8">
                                <matrix>0.9238795 0.3826834 0 126.4694 -0.3826834 0.9238795 0 40.39577 0 -0 1 76.09888 0 0 0 1</matrix>
                                <instance_node url="#ID293" />
                            </node>
                            <node id="ID302" name="instance_9">
                                <matrix>0.9238795 0.3826834 0 171.7586 -0.3826834 0.9238795 0 40.39577 0 -0 1 46.31176 0 0 0 1</matrix>
                                <instance_node url="#ID303" />
                            </node>
                            <node id="ID312" name="instance_10">
                                <matrix>0.9238795 0.3826834 0 326.4506 -0.3826834 0.9238795 0 40.39577 0 -0 1 0 0 0 0 1</matrix>
                                <instance_node url="#ID313" />
                            </node>
                            <node id="ID322" name="instance_11">
                                <matrix>0.9238795 0.3826834 0 347.4818 -0.3826834 0.9238795 0 31.68437 0 -0 1 -1.795005 0 0 0 1</matrix>
                                <instance_node url="#ID323" />
                            </node>
                            <node id="ID332" name="instance_12">
                                <matrix>0.9238795 0.3826834 0 121.7784 -0.3826834 0.9238795 0 -6.320992 0 -0 1 132.8545 0 0 0 1</matrix>
                                <instance_node url="#ID333" />
                            </node>
                            <node id="ID342" name="instance_13">
                                <matrix>0.9238795 0.3826834 0 94.59276 -0.3826834 0.9238795 0 15.47955 0 -0 1 141.0199 0 0 0 1</matrix>
                                <instance_node url="#ID343" />
                            </node>
                            <node id="ID352" name="instance_14">
                                <matrix>0.9238795 0.3826834 0 77.33127 -0.3826834 0.9238795 0 32.74104 0 -0 1 150.5424 0 0 0 1</matrix>
                                <instance_node url="#ID353" />
                            </node>
                            <node id="ID362" name="instance_15">
                                <matrix>0.9238795 0.3826834 0 61.09634 -0.3826834 0.9238795 0 48.97596 0 -0 1 163.1698 0 0 0 1</matrix>
                                <instance_node url="#ID363" />
                            </node>
                            <node id="ID372" name="instance_16">
                                <matrix>0.9238795 0.3826834 0 20.77728 -0.3826834 0.9238795 0 89.29502 0 -0 1 198.1407 0 0 0 1</matrix>
                                <instance_node url="#ID373" />
                            </node>
                            <node id="ID382" name="instance_17">
                                <matrix>0.9238795 0.3826834 0 -2.334688 -0.3826834 0.9238795 0 112.407 0 -0 1 212.8346 0 0 0 1</matrix>
                                <instance_node url="#ID383" />
                            </node>
                            <node id="ID392" name="instance_18">
                                <matrix>0.9238795 0.3826834 0 -26.41324 -0.3826834 0.9238795 0 136.4855 0 -0 1 224.0008 0 0 0 1</matrix>
                                <instance_node url="#ID393" />
                            </node>
                            <node id="ID402" name="instance_19">
                                <matrix>0.9238795 0.3826834 0 -51.19002 -0.3826834 0.9238795 0 161.2623 0 -0 1 231.5147 0 0 0 1</matrix>
                                <instance_node url="#ID403" />
                            </node>
                            <node id="ID412" name="instance_20">
                                <matrix>0.9238795 0.3826834 0 42.66508 -0.3826834 0.9238795 0 67.40723 0 -0 1 180.0829 0 0 0 1</matrix>
                                <instance_node url="#ID413" />
                            </node>
                        </node>
                        <node id="ID422" name="group_23">
                            <matrix>0 0 1 280.7894 1 0 0 357.1527 0 1 0 181.1024 0 0 0 1</matrix>
                            <instance_geometry url="#ID423">
                                <bind_material>
                                    <technique_common>
                                        <instance_material symbol="Material2" target="#ID19">
                                            <bind_vertex_input semantic="UVSET0" input_semantic="TEXCOORD" input_set="0" />
                                        </instance_material>
                                    </technique_common>
                                </bind_material>
                            </instance_geometry>
                            <instance_geometry url="#ID431">
                                <bind_material>
                                    <technique_common>
                                        <instance_material symbol="Material2" target="#ID432">
                                            <bind_vertex_input semantic="UVSET0" input_semantic="TEXCOORD" input_set="0" />
                                        </instance_material>
                                    </technique_common>
                                </bind_material>
                            </instance_geometry>
                        </node>
                        <node id="ID437" name="instance_21">
                            <matrix>0.9238795 0.3826834 0 155.572 -0.3826834 0.9238795 0 67.34337 0 -0 1 253.2406 0 0 0 1</matrix>
                            <instance_node url="#ID293" />
                        </node>
                        <node id="ID438" name="instance_22">
                            <matrix>0.9238795 0.3826834 0 155.572 -0.3826834 0.9238795 0 67.34337 0 -0 1 307.1145 0 0 0 1</matrix>
                            <instance_node url="#ID293" />
                        </node>
                        <node id="ID439" name="instance_23">
                            <matrix>0.9238795 9.562557e-15 -0.3826834 226.9786 -0.3826834 -3.894664e-15 -0.9238795 239.7342 -1.032507e-14 1 6.123234e-17 158.1736 0 0 0 1</matrix>
                            <instance_node url="#ID440" />
                        </node>
                        <node id="ID449" name="instance_24">
                            <matrix>0.9238795 9.562557e-15 -0.3826834 200.9923 -0.3826834 -3.894664e-15 -0.9238795 176.9978 -1.032507e-14 1 6.123234e-17 158.1736 0 0 0 1</matrix>
                            <instance_node url="#ID450" />
                        </node>
                        <node id="ID459" name="instance_25">
                            <matrix>0.9238795 9.562557e-15 -0.3826834 275.4236 -0.3826834 -3.894664e-15 -0.9238795 356.6908 -1.032507e-14 1 6.123234e-17 158.1736 0 0 0 1</matrix>
                            <instance_node url="#ID460" />
                        </node>
                        <node id="ID469" name="instance_26">
                            <matrix>0.9238795 9.562557e-15 -0.3826834 253.2037 -0.3826834 -3.894664e-15 -0.9238795 303.0473 -1.032507e-14 1 6.123234e-17 158.1736 0 0 0 1</matrix>
                            <instance_node url="#ID440" />
                        </node>
                    </node>
                    <node id="ID470" name="group_24">
                        <matrix>1 0 0 13.13732 0 1 0 357.1527 0 0 1 316.7297 0 0 0 1</matrix>
                        <instance_geometry url="#ID471">
                            <bind_material>
                                <technique_common>
                                    <instance_material symbol="Material2" target="#ID19">
                                        <bind_vertex_input semantic="UVSET0" input_semantic="TEXCOORD" input_set="0" />
                                    </instance_material>
                                </technique_common>
                            </bind_material>
                        </instance_geometry>
                    </node>
                </node>
                <node id="ID479" name="group_25">
                    <matrix>0.7071068 0.7071068 0 -253.937 -0.7071068 0.7071068 0 -253.937 0 -0 1 0 0 0 0 1</matrix>
                    <node id="ID480" name="group_4">
                        <matrix>1 0 0 0 0 1 0 0 0 0 1 0 0 0 0 1</matrix>
                        <node id="ID481" name="group_5">
                            <matrix>1 0 0 224.4227 0 1 0 230.2384 0 0 1 265.0516 0 0 0 1</matrix>
                            <node id="ID482" name="group_6">
                                <matrix>1 0 0 1.662644 0 1 0 2.195317 0 0 1 1.968504 0 0 0 1</matrix>
                                <instance_geometry url="#ID483">
                                    <bind_material>
                                        <technique_common>
                                            <instance_material symbol="Material2" target="#ID50">
                                                <bind_vertex_input semantic="UVSET0" input_semantic="TEXCOORD" input_set="0" />
                                            </instance_material>
                                        </technique_common>
                                    </bind_material>
                                </instance_geometry>
                            </node>
                            <node id="ID489" name="instance_0">
                                <matrix>0.8535534 -0.3535534 0.3826834 12.73216 -0.3535534 0.1464466 0.9238795 30.73816 -0.3826834 -0.9238795 3.835991e-15 40.79035 0 0 0 1</matrix>
                                <instance_node url="#ID58" />
                            </node>
                            <node id="ID490" name="instance_1">
                                <matrix>0.8535534 -0.3535534 0.3826834 24.44468 -0.3535534 0.1464466 0.9238795 59.01467 -0.3826834 -0.9238795 3.835991e-15 40.79035 0 0 0 1</matrix>
                                <instance_node url="#ID73" />
                            </node>
                            <node id="ID491" name="instance_2">
                                <matrix>1 0 0 0 0 1 0 0 0 0 1 0 0 0 0 1</matrix>
                                <instance_node url="#ID83" />
                            </node>
                            <node id="ID492" name="instance_3">
                                <matrix>1 0 0 6.110668e-12 0 1 0 0 0 0 1 40.09438 0 0 0 1</matrix>
                                <instance_node url="#ID93" />
                            </node>
                            <node id="ID493" name="instance_4">
                                <matrix>0.8535534 -0.3535534 0.3826834 0.2663367 -0.3535534 0.1464466 0.9238795 0.6429936 -0.3826834 -0.9238795 3.835991e-15 40.79035 0 0 0 1</matrix>
                                <instance_node url="#ID103" />
                            </node>
                        </node>
                        <node id="ID494" name="group_7">
                            <matrix>1 0 0 250.6478 0 1 0 293.5514 0 0 1 265.0516 0 0 0 1</matrix>
                            <node id="ID495" name="group_6">
                                <matrix>1 0 0 1.662644 0 1 0 2.195317 0 0 1 1.968504 0 0 0 1</matrix>
                                <instance_geometry url="#ID496">
                                    <bind_material>
                                        <technique_common>
                                            <instance_material symbol="Material2" target="#ID50">
                                                <bind_vertex_input semantic="UVSET0" input_semantic="TEXCOORD" input_set="0" />
                                            </instance_material>
                                        </technique_common>
                                    </bind_material>
                                </instance_geometry>
                            </node>
                            <node id="ID502" name="instance_0">
                                <matrix>0.8535534 -0.3535534 0.3826834 12.73216 -0.3535534 0.1464466 0.9238795 30.73816 -0.3826834 -0.9238795 3.835991e-15 40.79035 0 0 0 1</matrix>
                                <instance_node url="#ID58" />
                            </node>
                            <node id="ID503" name="instance_1">
                                <matrix>0.8535534 -0.3535534 0.3826834 24.44468 -0.3535534 0.1464466 0.9238795 59.01467 -0.3826834 -0.9238795 3.835991e-15 40.79035 0 0 0 1</matrix>
                                <instance_node url="#ID73" />
                            </node>
                            <node id="ID504" name="instance_2">
                                <matrix>1 0 0 0 0 1 0 0 0 0 1 0 0 0 0 1</matrix>
                                <instance_node url="#ID83" />
                            </node>
                            <node id="ID505" name="instance_3">
                                <matrix>1 0 0 6.110668e-12 0 1 0 0 0 0 1 40.09438 0 0 0 1</matrix>
                                <instance_node url="#ID93" />
                            </node>
                            <node id="ID506" name="instance_4">
                                <matrix>0.8535534 -0.3535534 0.3826834 0.2663367 -0.3535534 0.1464466 0.9238795 0.6429936 -0.3826834 -0.9238795 3.835991e-15 40.79035 0 0 0 1</matrix>
                                <instance_node url="#ID103" />
                            </node>
                        </node>
                        <node id="ID507" name="group_8">
                            <matrix>1 0 0 198.1351 0 1 0 166.7745 0 0 1 265.0516 0 0 0 1</matrix>
                            <node id="ID508" name="group_6">
                                <matrix>1 0 0 1.662644 0 1 0 2.195317 0 0 1 1.968504 0 0 0 1</matrix>
                                <instance_geometry url="#ID509">
                                    <bind_material>
                                        <technique_common>
                                            <instance_material symbol="Material2" target="#ID50">
                                                <bind_vertex_input semantic="UVSET0" input_semantic="TEXCOORD" input_set="0" />
                                            </instance_material>
                                        </technique_common>
                                    </bind_material>
                                </instance_geometry>
                            </node>
                            <node id="ID515" name="instance_0">
                                <matrix>0.8535534 -0.3535534 0.3826834 12.73216 -0.3535534 0.1464466 0.9238795 30.73816 -0.3826834 -0.9238795 3.835991e-15 40.79035 0 0 0 1</matrix>
                                <instance_node url="#ID58" />
                            </node>
                            <node id="ID516" name="instance_1">
                                <matrix>0.8535534 -0.3535534 0.3826834 24.44468 -0.3535534 0.1464466 0.9238795 59.01467 -0.3826834 -0.9238795 3.835991e-15 40.79035 0 0 0 1</matrix>
                                <instance_node url="#ID73" />
                            </node>
                            <node id="ID517" name="instance_2">
                                <matrix>1 0 0 0 0 1 0 0 0 0 1 0 0 0 0 1</matrix>
                                <instance_node url="#ID83" />
                            </node>
                            <node id="ID518" name="instance_3">
                                <matrix>1 0 0 6.110668e-12 0 1 0 0 0 0 1 40.09438 0 0 0 1</matrix>
                                <instance_node url="#ID93" />
                            </node>
                            <node id="ID519" name="instance_4">
                                <matrix>0.8535534 -0.3535534 0.3826834 0.2663367 -0.3535534 0.1464466 0.9238795 0.6429936 -0.3826834 -0.9238795 3.835991e-15 40.79035 0 0 0 1</matrix>
                                <instance_node url="#ID103" />
                            </node>
                        </node>
                        <node id="ID520" name="group_9">
                            <matrix>1 0 0 0 0 1 0 335.4991 0 0 1 0 0 0 0 1</matrix>
                            <node id="ID521" name="group_10">
                                <matrix>1 0 0 429.1339 0 1 0 0 0 0 1 0 0 0 0 1</matrix>
                                <node id="ID522" name="group_11">
                                    <matrix>1 0 0 0 0 1 0 0 0 0 1 157.4803 0 0 0 1</matrix>
                                    <instance_geometry url="#ID523">
                                        <bind_material>
                                            <technique_common>
                                                <instance_material symbol="Material2" target="#ID142">
                                                    <bind_vertex_input semantic="UVSET0" input_semantic="TEXCOORD" input_set="0" />
                                                </instance_material>
                                            </technique_common>
                                        </bind_material>
                                    </instance_geometry>
                                </node>
                                <node id="ID531" name="instance_5">
                                    <matrix>1 0 0 3.937008 0 1 0 3.937008 0 0 1 0 0 0 0 1</matrix>
                                    <instance_node url="#ID155" />
                                </node>
                            </node>
                            <node id="ID532" name="group_12">
                                <matrix>1 0 0 440.9449 0 1 0 15.74803 0 0 1 161.4173 0 0 0 1</matrix>
                                <node id="ID533" name="group_13">
                                    <matrix>1 0 0 0 0 1 0 0 0 0 1 0 0 0 0 1</matrix>
                                    <instance_geometry url="#ID534">
                                        <bind_material>
                                            <technique_common>
                                                <instance_material symbol="Material2" target="#ID60">
                                                    <bind_vertex_input semantic="UVSET0" input_semantic="TEXCOORD" input_set="0" />
                                                </instance_material>
                                            </technique_common>
                                        </bind_material>
                                    </instance_geometry>
                                </node>
                                <node id="ID542" name="group_14">
